1 2
1 3
1 4
1 5
1 6
1 7
1 8
1 9
1 10
1 11
1 12
1 13
1 14
1 15
1 16
1 17
1 18
1 19
1 20
1 21
1 22
1 376
2 4
2 40
2 106
2 107
2 126
2 134
2 242
2 247
2 276
2 291
2 341
2 363
2 365
2 367
2 404
2 446
2 455
2 480
2 495
4 11
4 45
4 47
4 63
4 68
4 77
4 78
4 91
4 100
4 104
4 106
4 114
4 115
4 117
4 121
4 142
4 154
4 165
4 183
4 195
4 204
4 210
4 213
4 225
4 247
4 249
4 269
4 276
4 291
4 297
4 304
4 311
4 341
4 349
4 362
4 363
4 365
4 384
4 391
4 402
4 404
4 406
4 407
4 412
4 420
4 448
4 455
4 468
4 470
4 480
4 495
4 496
5 311
5 363
11 63
11 165
11 197
11 349
13 72
13 106
13 115
13 117
13 249
13 314
13 363
13 404
13 407
13 455
13 480
14 297
14 363
15 47
15 78
15 106
15 349
15 363
15 455
18 23
18 24
18 25
18 26
18 27
18 28
18 29
18 30
18 31
18 32
18 33
18 34
18 35
18 36
18 37
18 38
18 39
18 40
18 41
18 42
18 43
18 44
18 45
18 46
18 47
18 48
18 49
18 50
18 51
18 52
18 53
18 54
18 55
18 56
18 57
18 58
18 59
18 60
18 61
18 62
18 63
18 64
18 65
18 66
18 67
18 68
18 69
18 70
18 71
18 72
18 73
18 74
18 75
18 76
18 77
18 78
18 79
18 80
18 81
18 82
18 83
18 84
18 85
18 86
18 87
18 88
18 89
18 90
18 91
18 92
18 93
18 94
18 95
18 96
18 97
18 98
18 99
18 100
18 101
18 102
18 103
18 104
18 105
18 106
18 107
18 108
18 109
18 110
18 111
18 112
18 113
18 114
18 115
18 116
18 117
18 118
18 119
18 120
18 121
18 122
18 123
18 124
18 125
18 126
18 127
18 128
18 129
18 130
18 131
18 132
18 133
18 134
18 135
18 242
18 313
18 337
18 349
18 363
18 367
18 406
18 420
19 455
22 59
22 61
22 74
22 78
22 83
22 108
22 121
22 130
22 131
22 142
22 154
22 156
22 195
22 207
22 208
22 210
22 220
22 230
22 269
22 276
22 306
22 311
22 314
22 322
22 338
22 347
22 349
22 363
22 386
22 404
22 432
22 442
22 455
22 470
22 481
22 487
22 492
23 106
23 363
25 363
25 384
25 480
26 28
26 49
26 101
26 311
27 363
28 42
28 49
28 78
28 101
28 154
28 363
32 45
32 106
32 249
32 363
32 385
32 388
32 452
34 43
34 45
34 59
34 84
34 124
34 134
34 155
34 341
34 363
34 384
34 404
35 91
35 106
35 207
35 229
35 338
35 363
35 384
37 45
37 59
37 104
37 106
37 114
37 117
37 142
37 151
37 154
37 156
37 202
37 209
37 220
37 242
37 269
37 276
37 311
37 312
37 314
37 338
37 341
37 363
37 367
37 385
37 386
37 404
37 405
37 432
37 435
37 453
37 455
37 480
37 495
39 91
39 106
40 154
40 170
40 204
40 210
40 306
40 363
40 367
40 404
40 420
40 435
40 455
40 480
41 249
41 291
41 363
41 367
41 404
42 106
42 312
42 341
42 363
42 384
42 480
43 94
43 195
43 207
43 210
43 256
43 276
43 289
43 363
43 367
43 492
44 210
44 376
44 446
44 453
44 455
45 57
45 61
45 85
45 91
45 94
45 100
45 104
45 106
45 114
45 136
45 137
45 138
45 139
45 140
45 141
45 142
45 143
45 144
45 145
45 146
45 147
45 148
45 149
45 150
45 151
45 152
45 153
45 154
45 155
45 156
45 157
45 158
45 159
45 160
45 161
45 162
45 163
45 164
45 165
45 166
45 167
45 168
45 169
45 170
45 171
45 172
45 173
45 174
45 175
45 176
45 177
45 178
45 179
45 180
45 181
45 182
45 183
45 184
45 185
45 186
45 187
45 188
45 189
45 190
45 191
45 192
45 193
45 194
45 195
45 196
45 197
45 198
45 199
45 200
45 201
45 202
45 203
45 204
45 205
45 206
45 207
45 208
45 209
45 210
45 211
45 212
45 213
45 214
45 215
45 216
45 217
45 218
45 219
45 220
45 221
45 222
45 223
45 224
45 225
45 226
45 227
45 228
45 229
45 230
45 231
45 232
45 233
45 234
45 235
45 236
45 237
45 238
45 239
45 240
45 241
45 242
45 243
45 244
45 245
45 246
45 247
45 248
45 249
45 250
45 251
45 252
45 253
45 254
45 255
45 256
45 257
45 258
45 259
45 260
45 261
45 262
45 263
45 264
45 265
45 266
45 267
45 268
45 269
45 270
45 271
45 272
45 273
45 274
45 275
45 276
45 277
45 278
45 279
45 280
45 281
45 282
45 283
45 284
45 285
45 286
45 287
45 288
45 289
45 290
45 291
45 292
45 293
45 294
45 295
45 296
45 297
45 298
45 299
45 300
45 301
45 302
45 303
45 304
45 305
45 306
45 307
45 308
45 309
45 310
45 311
45 312
45 313
45 314
45 315
45 316
45 317
45 318
45 319
45 320
45 321
45 322
45 323
45 324
45 325
45 326
45 327
45 328
45 329
45 330
45 331
45 332
45 333
45 334
45 335
45 336
45 337
45 338
45 339
45 340
45 341
45 342
45 343
45 344
45 345
45 346
45 347
45 348
45 349
45 350
45 351
45 352
45 353
45 354
45 355
45 356
45 357
45 358
45 359
45 360
45 361
45 362
45 363
45 364
45 365
45 366
45 367
45 368
45 369
45 370
45 371
45 372
45 373
45 374
45 375
45 376
45 377
45 378
45 379
45 380
45 381
45 382
45 383
45 384
45 385
45 386
45 387
45 388
45 389
45 390
45 391
45 392
45 393
45 394
45 395
45 396
45 397
45 398
45 399
45 400
45 401
45 402
45 403
45 404
45 405
45 406
45 407
45 408
45 409
45 410
45 411
45 412
45 413
45 414
45 415
45 416
45 417
45 418
45 419
45 420
45 421
45 422
45 423
45 424
45 425
45 426
45 427
45 428
45 429
45 430
45 431
45 432
45 433
45 434
45 435
45 436
45 437
45 438
45 439
45 440
45 441
45 442
45 443
45 444
45 445
45 446
45 447
45 448
45 449
45 450
45 451
45 452
45 453
45 454
45 455
45 456
45 457
45 458
45 459
45 460
45 461
45 462
45 463
45 464
45 465
45 466
45 467
45 468
45 469
45 470
45 471
45 472
45 473
45 474
45 475
45 476
45 477
45 478
45 479
45 480
45 481
45 482
45 483
45 484
45 485
45 486
45 487
45 488
45 489
45 490
45 491
45 492
45 493
45 494
45 495
45 496
45 497
45 498
45 499
47 63
47 72
47 106
47 114
47 134
47 165
47 195
47 341
47 363
47 407
47 452
47 455
47 470
47 480
48 106
48 363
48 480
49 101
49 210
52 78
52 104
52 106
52 210
52 248
52 312
52 341
52 363
52 404
52 407
52 430
52 436
52 470
52 480
55 37
55 106
55 312
55 363
55 384
55 404
55 432
55 448
55 455
57 106
58 91
58 106
58 446
59 104
59 106
59 210
59 276
59 312
59 341
59 363
59 404
59 407
59 453
59 455
59 470
59 480
59 492
60 159
60 210
60 312
60 363
60 430
61 78
61 83
61 106
61 114
61 117
61 249
61 291
61 314
61 341
61 363
61 367
61 404
61 448
61 455
61 470
61 478
61 480
61 492
63 106
63 165
63 210
63 225
63 351
63 363
63 435
63 446
63 470
63 489
67 104
67 363
67 492
68 83
68 367
68 455
70 83
70 91
70 210
70 331
70 363
70 430
71 106
72 114
72 140
72 156
72 195
72 197
72 202
72 234
72 249
72 351
72 363
72 376
72 391
72 404
72 481
72 492
73 78
73 106
73 363
74 197
74 259
74 363
76 106
76 311
76 407
76 480
77 210
77 367
78 83
78 91
78 104
78 106
78 114
78 124
78 142
78 143
78 210
78 223
78 249
78 267
78 271
78 291
78 302
78 311
78 322
78 329
78 338
78 341
78 351
78 363
78 365
78 367
78 391
78 404
78 406
78 412
78 453
78 455
78 470
78 487
78 492
81 297
83 114
83 143
83 210
83 234
83 271
83 291
83 310
83 341
83 367
83 402
83 404
83 407
83 455
83 470
83 488
83 492
85 106
90 297
90 363
90 376
90 470
91 94
91 100
91 104
91 106
91 124
91 126
91 130
91 141
91 142
91 146
91 195
91 210
91 217
91 220
91 234
91 242
91 249
91 260
91 271
91 275
91 286
91 288
91 297
91 305
91 314
91 318
91 322
91 337
91 341
91 349
91 363
91 367
91 384
91 386
91 391
91 404
91 412
91 420
91 453
91 455
91 461
91 466
91 469
91 470
91 480
91 481
91 489
91 492
91 495
91 496
94 104
94 106
94 107
94 130
94 134
94 193
94 213
94 220
94 276
94 315
94 332
94 341
94 363
94 384
94 403
94 404
94 478
94 492
95 363
96 106
96 493
99 106
99 376
100 210
100 229
100 322
100 363
100 445
101 391
104 106
104 114
104 130
104 135
104 142
104 146
104 151
104 153
104 154
104 161
104 168
104 170
104 179
104 180
104 184
104 195
104 197
104 201
104 202
104 204
104 209
104 210
104 213
104 220
104 225
104 227
104 230
104 240
104 242
104 260
104 267
104 269
104 284
104 293
104 297
104 305
104 311
104 314
104 316
104 328
104 331
104 336
104 337
104 338
104 351
104 363
104 366
104 367
104 376
104 385
104 386
104 392
104 404
104 405
104 409
104 420
104 430
104 431
104 432
104 435
104 444
104 446
104 450
104 453
104 461
104 468
104 470
104 482
104 495
104 497
105 404
105 406
106 107
106 114
106 119
106 124
106 125
106 129
106 134
106 139
106 141
106 142
106 146
106 151
106 153
106 156
106 158
106 161
106 165
106 168
106 175
106 179
106 180
106 181
106 184
106 187
106 188
106 193
106 195
106 197
106 202
106 203
106 204
106 207
106 208
106 209
106 210
106 213
106 217
106 220
106 222
106 224
106 225
106 228
106 230
106 231
106 234
106 240
106 242
106 244
106 245
106 248
106 249
106 255
106 267
106 269
106 271
106 272
106 273
106 274
106 275
106 276
106 277
106 278
106 279
106 280
106 283
106 284
106 289
106 292
106 293
106 296
106 297
106 298
106 302
106 305
106 307
106 311
106 312
106 314
106 315
106 319
106 320
106 322
106 325
106 331
106 332
106 333
106 336
106 337
106 338
106 339
106 341
106 346
106 347
106 351
106 352
106 354
106 355
106 357
106 358
106 361
106 363
106 376
106 384
106 386
106 391
106 392
106 397
106 400
106 402
106 403
106 404
106 407
106 408
106 409
106 411
106 412
106 413
106 415
106 420
106 422
106 423
106 425
106 429
106 430
106 434
106 435
106 438
106 446
106 447
106 448
106 449
106 452
106 453
106 454
106 455
106 461
106 462
106 464
106 466
106 467
106 468
106 470
106 473
106 474
106 475
106 477
106 478
106 480
106 481
106 482
106 488
106 489
106 492
106 493
106 494
106 495
106 496
107 345
108 363
114 117
114 124
114 140
114 141
114 154
114 159
114 165
114 188
114 195
114 197
114 247
114 275
114 276
114 291
114 297
114 305
114 311
114 315
114 318
114 341
114 357
114 363
114 365
114 367
114 377
114 404
114 423
114 455
115 117
115 210
115 347
115 367
115 390
117 141
117 143
117 208
117 210
117 225
117 234
117 274
117 297
117 311
117 331
117 332
117 363
117 376
117 377
117 409
117 438
117 455
117 467
117 480
119 363
121 249
121 367
124 156
124 168
124 195
124 202
124 207
124 210
124 249
124 256
124 267
124 276
124 289
124 296
124 302
124 312
124 322
124 331
124 352
124 363
124 384
124 404
124 406
124 407
124 446
124 470
124 480
124 482
124 489
124 492
126 363
126 384
126 396
129 210
129 259
129 326
130 210
130 224
130 363
130 468
130 492
131 363
133 363
134 204
134 210
134 296
134 302
134 319
134 341
134 363
134 470
134 488
135 349
139 341
140 247
140 349
140 363
140 402
140 484
141 317
141 341
141 363
141 376
141 407
142 174
142 207
142 249
142 305
142 341
142 363
142 365
142 367
142 376
142 407
142 430
142 436
142 470
142 492
142 496
143 341
146 341
146 376
146 423
147 341
148 276
150 249
150 363
150 384
151 249
151 452
152 384
153 376
154 247
154 276
154 291
154 341
154 363
154 404
154 407
154 470
155 204
155 407
155 432
156 210
156 311
156 312
156 314
156 341
156 363
156 367
156 384
156 386
156 404
156 407
156 425
156 448
156 455
156 470
156 478
156 480
156 481
157 480
159 161
159 207
159 210
159 242
159 249
159 279
159 291
159 349
159 363
159 392
159 409
159 421
161 384
161 452
164 341
165 210
165 225
165 297
165 311
165 341
165 349
165 363
165 384
165 455
165 470
165 492
168 384
168 419
170 195
170 269
170 363
170 492
174 341
174 363
174 480
175 210
175 260
175 317
175 341
175 363
175 384
175 455
178 341
179 18
179 207
179 341
179 363
179 386
179 492
180 197
180 210
180 249
180 269
180 363
180 384
180 492
181 384
181 480
183 195
183 210
183 249
183 331
183 363
187 341
187 363
187 367
187 378
187 470
188 297
188 363
188 384
192 384
193 249
193 311
193 363
193 384
193 445
195 209
195 242
195 249
195 269
195 271
195 276
195 280
195 297
195 311
195 331
195 363
195 367
195 384
195 404
195 430
195 448
195 455
195 495
197 234
197 266
197 267
197 276
197 278
197 318
197 341
197 363
197 367
197 384
197 391
197 404
197 406
197 409
197 420
197 446
197 453
197 480
201 210
201 363
202 210
202 271
202 363
202 480
203 117
203 312
203 341
203 363
203 384
203 407
203 452
203 465
203 480
204 210
204 242
204 302
204 341
204 363
204 367
204 480
204 492
205 272
207 222
207 260
207 314
207 341
207 363
207 365
207 384
207 392
207 407
207 478
207 480
208 269
208 276
208 341
208 363
208 407
208 455
208 480
209 363
209 384
210 18
210 213
210 228
210 249
210 272
210 276
210 291
210 297
210 311
210 312
210 318
210 329
210 331
210 341
210 349
210 351
210 363
210 369
210 376
210 377
210 384
210 391
210 392
210 403
210 404
210 407
210 409
210 430
210 452
210 455
210 461
210 466
210 470
210 478
210 480
210 481
210 492
210 495
212 341
212 363
213 217
213 289
213 331
213 333
213 336
213 341
213 363
213 405
213 452
213 480
213 492
214 260
214 291
214 312
214 331
214 348
214 351
214 391
214 480
216 249
216 363
217 341
217 403
217 492
219 341
220 249
220 286
220 363
220 386
220 407
220 480
221 409
222 407
223 412
225 384
225 402
225 412
225 425
225 480
226 341
226 384
226 407
226 480
228 234
228 249
228 269
228 363
228 384
228 480
229 403
230 363
230 384
230 407
230 480
231 455
233 260
233 384
234 249
234 260
234 291
234 297
234 341
234 363
234 377
234 392
234 404
234 446
234 448
234 466
234 470
234 480
234 492
235 249
235 367
235 404
239 384
239 480
240 341
240 348
240 363
242 117
242 249
242 276
242 363
242 367
242 390
242 481
242 495
244 384
245 269
245 376
247 363
248 329
248 363
248 470
248 480
249 253
249 260
249 267
249 277
249 278
249 280
249 291
249 297
249 302
249 311
249 314
249 315
249 318
249 338
249 349
249 363
249 365
249 376
249 382
249 388
249 391
249 402
249 404
249 409
249 415
249 419
249 421
249 425
249 446
249 452
249 455
249 466
249 470
249 480
249 481
249 483
249 490
249 492
249 495
249 496
255 312
255 384
255 404
255 448
255 480
257 363
257 394
257 446
259 341
259 480
260 318
260 341
260 363
260 384
260 392
260 434
260 452
260 480
262 276
262 363
265 117
266 363
267 338
267 363
267 384
267 404
267 407
267 452
267 470
267 480
269 297
269 314
269 315
269 318
269 341
269 365
269 367
269 376
269 386
269 391
269 407
269 480
269 490
269 495
271 18
271 278
271 341
271 347
271 376
271 407
271 480
272 229
272 363
272 384
272 397
272 423
272 461
273 341
273 384
273 480
274 341
274 480
275 317
275 318
275 407
275 480
276 306
276 361
276 363
276 390
276 404
276 446
276 455
276 495
277 314
278 312
278 341
278 452
278 480
279 312
279 363
279 470
280 404
280 448
282 384
283 341
284 312
284 341
284 363
284 384
284 480
284 492
287 480
288 384
289 363
289 384
289 419
291 311
291 341
291 349
291 363
291 365
291 391
291 392
291 404
291 455
291 487
293 341
293 384
293 452
296 341
296 363
296 384
297 305
297 312
297 318
297 341
297 363
297 367
297 377
297 384
297 430
297 480
297 492
298 341
299 312
299 341
299 384
300 341
301 363
302 363
302 384
302 385
302 407
302 478
302 480
305 317
305 363
305 384
305 489
306 363
306 404
307 341
311 341
311 349
311 363
311 376
311 404
311 480
311 481
311 495
312 314
312 351
312 363
312 384
312 429
312 438
312 446
312 466
312 480
313 385
314 341
314 348
314 363
314 365
314 384
314 400
314 407
314 455
314 480
314 481
315 363
315 386
315 404
315 469
316 452
317 331
317 347
317 363
317 367
317 404
317 406
317 461
318 168
318 328
318 351
318 363
318 407
318 430
318 446
318 480
318 495
319 455
320 341
322 341
322 363
323 385
325 341
326 341
326 452
327 384
327 478
328 341
328 363
328 384
328 492
329 363
329 420
329 480
331 341
331 348
331 384
331 466
331 480
332 168
332 363
332 376
332 377
333 341
333 478
336 341
336 363
336 492
337 341
337 407
337 452
337 480
338 363
338 480
341 347
341 349
341 352
341 354
341 355
341 357
341 363
341 376
341 380
341 386
341 392
341 403
341 404
341 406
341 407
341 409
341 410
341 415
341 420
341 422
341 429
341 431
341 432
341 435
341 442
341 446
341 455
341 456
341 461
341 465
341 468
341 470
341 479
341 481
341 482
341 492
341 495
347 363
347 367
347 376
347 404
347 455
347 480
348 363
349 363
349 365
349 367
349 391
349 404
349 406
349 412
349 430
349 446
349 455
349 480
351 363
351 384
351 404
351 480
352 363
352 384
352 386
352 462
352 470
352 480
354 363
354 384
354 452
354 480
355 376
357 376
358 384
361 363
361 404
363 83
363 146
363 168
363 298
363 331
363 365
363 366
363 377
363 383
363 384
363 386
363 388
363 391
363 392
363 399
363 402
363 403
363 404
363 406
363 407
363 409
363 412
363 422
363 430
363 431
363 435
363 438
363 442
363 446
363 448
363 452
363 453
363 455
363 456
363 458
363 462
363 465
363 466
363 470
363 478
363 479
363 480
363 481
363 482
363 488
363 492
363 495
365 404
365 455
365 470
365 492
366 407
366 452
367 117
367 363
367 385
367 390
367 452
367 455
368 384
368 480
371 480
376 386
376 423
376 446
376 452
376 453
376 455
376 462
376 480
376 496
377 431
377 455
377 480
378 363
378 404
378 407
378 454
378 480
383 407
384 259
384 392
384 395
384 397
384 399
384 403
384 404
384 415
384 416
384 422
384 428
384 429
384 430
384 434
384 435
384 438
384 442
384 445
384 478
384 480
384 495
385 390
385 406
385 480
385 482
386 392
386 435
386 448
388 18
389 391
390 363
390 404
391 404
395 480
397 407
400 363
400 407
400 480
403 404
403 430
403 470
403 480
404 392
404 407
404 425
404 435
404 436
404 455
404 461
404 467
404 470
404 488
404 492
404 495
404 496
406 452
406 478
406 480
407 432
407 446
407 453
407 455
407 468
407 479
407 481
407 487
409 452
409 492
412 392
415 462
420 452
420 480
422 423
422 480
423 168
425 363
425 448
426 492
429 480
430 452
430 480
431 452
432 480
435 448
436 249
436 363
438 480
444 450
446 452
446 478
446 480
448 467
448 480
448 488
448 492
452 392
452 455
452 482
453 480
455 18
455 470
455 480
455 481
455 492
457 363
461 363
462 480
466 168
466 480
468 480
469 363
470 479
470 480
470 492
475 480
479 480
480 477
480 481
480 488
490 363
492 195
492 495
494 392
213 367
214 337
134 367
203 385
385 454
390 104
141 455
214 461
97 363
367 454
455 384
91 197
404 367
4 140
32 91
388 91
468 197
151 430
213 91
195 197
349 197
16 367
22 22
40 341
55 72
72 302
72 390
72 461
140 291
154 154
213 461
214 16
279 279
305 367
341 367
363 256
390 105
44 72
142 210
72 310
210 310
104 481
91 302
349 481
436 481
367 458
403 481
13 210
41 204
337 481
210 242
328 481
4 390
72 83
275 481
466 481
72 480
94 480
210 367
302 481
94 481
197 210
338 481
72 341
175 481
15 210
72 96
213 481
24 210
4 94
213 337
155 210
197 455
347 481
4 481
68 481
214 481
40 481
41 390
458 461
435 481
155 481
96 210
242 336
52 72
91 430
78 481
341 378
40 91
72 312
222 341
312 481
172 481
261 481
315 481
40 242
40 390
72 106
106 378
213 458
159 367
247 481
343 481
4 337
72 337
390 452
379 481
91 187
390 481
73 197
254 481
202 481
210 214
337 384
337 461
367 461
384 454
467 481
212 481
476 481
249 341
72 319
83 481
115 481
41 242
41 341
76 249
22 249
254 480
234 481
91 193
91 214
170 341
104 133
397 480
341 480
115 242
404 481
40 214
124 367
72 367
40 202
94 367
128 202
367 480
13 481
52 367
322 481
367 430