42.82052407709658 435.3805401283467
136.94377038767757 56.38433399144516
533.8139178296017 736.0124567049764
521.7948716336183 259.731743951199
514.5536985448332 397.31217020468324
900.2420637097855 985.4947162791148
72.71955977144606 748.1796339554398
175.03238802735677 576.366814691977
674.7402651456025 362.9709910426293
981.3865685881788 23.14016403326957
342.26992107789624 501.34331846599247
357.75233988297407 669.0410320174601
11.035552598596233 752.7205357256057
302.6420895980256 69.1831720834114
527.7658276501083 726.8012184180444
923.2615452379866 582.3386471899595
693.3983398118936 295.63767006661277
82.5253898715319 894.7145937242757
82.95065382467226 579.8326124245325
822.7214092123988 562.7472930281585
857.0372397396789 265.22685687771997
640.1394806926461 716.9143380828942
341.9774139188192 911.620132689407
551.3741391655809 447.14428163211414
493.16850543401205 44.96848220382277
945.334849123816 194.19053219408434
174.6093123381116 159.87800210074732
662.1602032421663 599.5516189599253
519.0598898453878 597.7289068120954
175.18288045278862 171.95367838886932
948.6622515339205 229.9701435395698
172.42101012492716 164.7214265857343
220.44413315010237 101.44299638430354
1.2461736084887765 852.4012972221497
870.4194209670254 722.698563539502
811.8471663807013 824.7958088723619
752.9233768913513 924.5119283055755
853.2257520882685 234.1340709839691
890.1219104818624 765.4224482322871
931.0123454484722 455.26629014210886
6.965219891119978 912.5940895653985
559.5560105406646 699.6034387789042
817.8470950569698 466.6166396889413
121.21219097822444 92.35367377015491
565.8750350931803 766.7107675438805
846.9324780256526 923.8613841210336
494.20047611656446 689.685624484959
42.99757237855084 460.4847811468397
481.34256148316604 559.1757981229072
137.66007134802783 437.6527978726029
864.0420222640431 693.8757869435769
155.98934442086065 602.0618477633886
473.99246735703235 374.8966067957025
489.8261253637114 697.3908549212053
799.97623286652 12.518426994601262
389.82145676160405 731.9330204697301
621.2088937105377 76.50576499905704
365.542749938361 159.77210425417653
161.08331462212877 549.060911559848
48.61664988921077 377.64291372772817
72.46703737416382 860.2124373911013
38.24780811613104 985.2509122273434
864.2226328599897 241.12999552820858
818.6582638203233 167.3970618593864
283.0004587207662 161.16631706116834
169.4581218888641 31.55266948259994
566.8193312933907 265.9803424962692
641.9211001100487 668.1097622214421
12.514449473976619 530.8896785632282
606.0436775642388 913.3050953844371
724.1986867347308 613.055962279698
695.0328464066579 452.5803356818902
711.9175090507852 535.2804247838095
369.01238010204776 965.4286733718379
363.4101533844287 426.7608572136169
25.8307887037571 794.4860785043711
833.347614870538 447.02235521850633
177.27705211342305 8.348419834062316
68.24411676312614 303.46843668867416
597.8188189523646 819.0935277042511
320.2872693993911 329.5737397256794
294.3053322260496 522.1511170404759
547.1049325713185 441.9456259032849
367.99648655937534 569.1469981285167
129.48941561690063 263.1285560261352
861.6116483286382 748.8790679139391
733.52567689669 382.3606826234356
469.8923162020283 966.61723127562
163.90936939492218 55.27161704181738
366.05500539582494 114.01813904246482
2.8896605605439607 530.8363345014541
511.168731369397 240.640500803608
828.795292762247 524.319107008811
845.8634687007011 958.55727401431
936.8060583249096 400.80927367928854
272.44503083946415 3.7752232554627563
646.9586997569901 342.90924920887045
276.6809600633693 764.4790112858798
797.3928684004837 638.2219183750335
453.7092767099731 807.3996711623913
975.3783367228326 516.5869579666622
40.287323379839975 965.8277175177277
293.0742211987788 590.45554250163
435.9344941516662 87.6581313698771
598.4065999580762 343.7791453381969
645.9521103398993 818.2208874797204
49.02963615625211 220.27788141723514
82.13997888741287 256.0845486610519
191.27907507386422 748.2618078763977
33.453599262372904 421.8259017679827
419.5868747243616 782.7486494747608
808.0980842140976 993.5981697093142
490.9501561953209 730.974852380698
856.3274136235173 165.96445989674757
790.2472535555432 746.4563652194381
996.3435349139241 492.79183846371245
598.9283009174533 77.88018795028628
815.9511264239402 418.26897092278824
323.1053082431856 67.85113309768154
222.88154108439807 82.7205679021562
559.4087043095786 67.5616111451044
820.6829901259439 6.281187846418068
398.1646847471265 301.0129145415321
79.15593025330203 667.5366230254016
986.1112240275429 865.401452495879
935.9115218186495 362.07636477623583
91.75147168608211 457.014349827402
832.8333246180771 977.3877994019646
308.2416917682754 146.16758772455128
551.2303373657419 662.2221095332168
499.7505506159291 616.773314942974
556.3608897533051 509.16008590714324
866.1877049771323 189.69768894512706
295.00051914082536 494.8616615180949
564.1025038774427 141.03089643385792
379.3561291483849 777.1988910615377
207.24076905205536 320.74061088726125
708.6403679815921 887.4238503909842
635.7564347713412 507.5806775430012
535.615321201694 625.0690007927911
300.1752138403576 609.6219824952329
148.00417155869948 73.70413626266237
620.1834758262393 216.9118247738442
152.29765451027822 818.1059071453087
225.359027544197 28.495039994345884
696.1614081941858 496.9290357535808
513.3523433122659 893.8703487135127
850.7980134997398 601.0072967843824
202.9395935287288 696.6180632466218
771.510272353403 53.774098833254456
360.9537550750114 40.23184105647193
340.5724502195281 743.5800734875471
936.805990766772 748.4971833315919
304.73182085241876 438.4981078126031
437.59455466206157 260.5297632193332
939.3078776449998 211.4822100312388
887.3732143686101 427.10814926155007
195.37494462393013 15.479994297512567
531.2853717289397 249.64482640689533
860.3772955305575 217.74364255219803
829.9114822923119 396.4226887072636
709.8350043194778 720.1249546534996
979.6855811037556 340.85065163536
886.986238033207 262.9404935140863
825.5949858645814 754.8907220297708
420.0419369787315 567.6445415662643
248.80532236040364 137.03081851282417
597.976911437786 655.4178109064887
478.98380156411713 316.57637124114444
834.9363805774036 741.5846769181936
925.5832433162542 460.4163792034263
473.94388130690334 965.8518427343855
164.42852081565974 854.6809083729993
847.6782215328733 955.6710346569041
777.8140800712472 404.3087617572785
293.5834864169359 482.53545238625696
564.819522792068 569.0503520962167
747.4931318634852 654.0585162993955
921.5380735969364 572.774762050615
821.7598699860887 943.9286716492487
631.394854163922 845.0767073360016
496.58168502785014 739.826803375307
522.284236077035 131.68537658459545
588.2093700309362 321.0996681492475
903.4877100982034 61.324684942914764
492.0930538467291 568.2351201133902
764.9091908678917 252.02017995352642
737.5583931412002 180.05953632259485
307.4077218451523 265.3164299551714
343.85941893373825 858.8114879259267
175.1450463534353 211.4789129335023
10.96767288437761 108.05738488550243
41.5546353329318 364.4546179023347
722.4719955461889 135.41795533893543
971.8210008572743 147.50304419275605
691.3819622822366 549.9327753508188
604.6492049173667 793.0602022725309
965.4485833869596 313.1990457860765
991.8098204013653 377.957913154362
202.78758622139813 810.7160457070582
899.5042985714588 157.08065464147802
630.1508383514456 726.1565003989425
619.7010300855708 107.05957958502322
469.49037650015157 734.4166350225438
906.4408409811172 963.9085295150277
926.8493074032194 415.67550482029134
616.591786881553 103.69157124643091
304.88729927007086 343.82726220556225
863.7393258690332 850.0870396332682
775.8775365697622 645.0448248629134
387.4417766995253 323.31864718417836
496.56938790029517 169.79572896690942
705.1956909808677 976.6066660096061
788.2670565541221 42.660466951903956
316.8844061811762 371.32283258497654
698.7969433408832 681.0090417175884
964.6261068323365 488.1128667651653
20.130919472351128 983.0688819970878
710.5935551295714 533.2232117877262
833.6689671377057 490.31576771716254
147.2617613469579 417.51192503164856
451.19547335558343 748.1873432776346
414.56967373206743 223.79865371484942
435.7675195304146 162.8548951703779
890.2884553748207 534.1988998912747
833.6753156490782 446.91557896662414
783.4103570036729 899.8521144965442
322.47069173489973 385.05122043414707
817.7895739147855 256.67815901141876
905.4726667016555 962.4248662870384
937.1398040982475 969.9824791156537
767.3709378496469 605.014370052796
981.3813728220272 692.2936749802873
518.2503677874269 613.5912630028931
441.18652586229666 745.8846642779321
788.5331448538765 675.233678021736
659.4191700658056 419.4210585127134
718.2707119693135 130.04747116059713
979.9965659006251 274.55662406084315
607.7310082792735 520.091222699911
187.32817810377676 164.71169179671264
265.1164800269661 698.0255553579535
21.90573797979434 675.892130260144
221.5749199097089 731.6873238083268
443.43708239687885 286.05215340875077
651.4952988544962 355.0990691880478
280.0202136650505 576.8451689063689
497.4160694730501 735.6481987103252
858.1778542519268 311.1447623683673
890.8002793596696 407.316104696575
933.0627342417868 386.31385412488225
5.726180149162263 849.0221146074612
539.3028500701262 445.5247826681774
222.55326841092028 862.2468723044859
136.99641753888926 389.3955041060807
893.1083836116122 166.3124918478015
127.54414992880648 529.2259634532502
801.428831501893 36.709988946693194
951.3888546874856 673.5389703474042
93.6927549146015 162.94295456079934
874.851742192125 283.52362895228254
854.2124180653728 600.3840391027617
977.6022576183088 533.5564969602563
861.4574195699458 275.11672838637855
371.2456398379977 860.6134489264193
911.3060498392463 761.5703961623391
261.1293442026898 445.866502314055
568.8438844621196 949.8192488349359
80.24919636602479 472.85956805112806
543.3882276220002 784.133555122949
345.9387552227553 804.0152685283642
744.5461027777116 778.0968411045124
920.0115436254415 467.00117927031295
304.7279922058155 474.3096553630274
350.3359591766883 953.757751992324
480.46857878017204 637.1489285516444
602.801260959744 931.5115754545182
631.6278803980391 18.189349263021846
720.2698537793246 386.27892107461946
902.7945504547171 3.467620164395946
461.8097442437903 436.00201987341825
813.9988394759833 413.7132895828772
910.9351928236723 426.3987472899824
331.82582838270713 854.2800165785386
899.9547559940477 446.06267370016906
677.4254543551674 756.6011036639851
210.29008173037056 46.949202804268396
943.0013545495549 868.9216481485457
309.9803131903607 182.49879291611248
474.4796141508339 460.75186411090107
652.1950946721657 541.7932131619643
200.58679760391905 835.0692321614281
419.50298111761686 233.58660040745616
770.1239935152473 99.96354342074898
211.3559622720601 257.0280133810087
384.65884943795135 347.83734504684395
839.1413271548716 688.0210785854362
385.0432911322805 68.64606993679733
381.66971526726223 430.8768156566366
946.4750178324714 781.2540678411367
364.3059330727617 958.8262546255783
694.2421348006771 39.37028532771891
835.2882424112943 203.26934854229694
292.3667604956479 158.19243460791478
414.38740772890037 244.422904197229
921.1513905461494 471.78875269244514
23.246285809768395 78.34587913944569
153.2336551409992 419.6098027261181
929.5261357964323 438.50137696305137
986.6908521921885 147.08095248130172
207.61067354035322 123.58137596068275
653.432359447164 94.74658314768148
640.4416947749396 161.75114068698292
219.73646475690734 145.59664784585257
401.20132768861293 711.2704857987521
636.6474781638645 724.3582810070955
17.22431638977684 557.8039602559508
636.7484999074464 979.1667234879644
61.07292597322322 893.1508096270178
207.413535915551 960.9002699386481
612.919523455989 124.46643658244349
510.5791923307258 721.0285975424082
901.0054126690841 130.78980371079564
410.34828415243476 695.5499138122952
132.421205973974 748.0069306262126
653.5331456160264 206.25643977848452
137.22603379506492 515.2799559604532
586.7802931672584 146.04918082993234
455.50473440772885 848.9235121943956
141.92018731797472 335.2983365692024
758.8713500932618 573.9375127813129
79.98049795943186 145.26337279670665
986.9486552743848 677.2548660111618
130.87079976612537 130.16897890487755
326.7091885121527 372.4084919141492
4.014917378205252 448.78198173507246
397.35977829391436 338.9122480997039
643.0313463618079 68.16565265615316
87.97539963186351 904.0859877145932
957.712478040602 986.8285984295516
261.11889759142184 659.2017289293083
974.5789530054191 162.9016930126336
305.59410234132423 746.706419859091
530.6660514261371 352.9603946202976
190.55545320677535 307.29118083829457
894.8418534574603 51.71597006440487
427.7291870405693 391.26141419062486
247.32718738606297 280.7105897219775
188.92381246902224 467.5243973206642
713.7580860610549 993.613389646429
370.88090420911055 227.63957269609836
829.0479445793156 932.1334881499353
495.1309727479156 155.982701176967
780.6647273320018 102.43850883436423
983.3217275500768 741.3363552800221
260.65763653365445 973.7384415715081
104.56053704077594 168.25496264718353
135.8406091632126 659.855389654485
220.77873027406415 257.56442905465013
990.9731157763915 176.76924495780844
529.3935482605002 15.953242089982055
491.90164696585316 967.2909284268868
642.6427707533036 954.0993286432706
80.36679207839248 61.14449124965038
111.72368873012373 206.28815115132593
97.18219574825903 545.4267283107006
737.0811620306115 865.2868455871559
103.53307794647459 66.25495533807057
915.8130140036643 804.0086352781548
98.33269946581002 22.252777863060235
900.341919577204 434.6051045991607
842.2962858176465 493.4318748346246
375.2528152481772 358.1484900444997
705.5635627494848 700.4194899929802
566.8273699323356 727.0631681262271
12.60848026971062 194.7317802822821
444.6496103210799 250.06378442115928
808.0294108667505 258.2693766141545
595.5501057349865 135.47705646973395
115.67972720440977 708.2967811368335
492.4855013051529 413.6705858573874
489.7800303425121 560.1542529914146
942.7936100007009 567.1743485965505
509.0901925861617 764.8052940272049
766.2375393011116 305.58150410445415
159.57204120529988 271.9617781326329
767.830218578053 112.85580870917688
886.9808112247822 646.414985872524
985.4201068984768 111.55679521128259
101.59847184609205 957.0833798610274
970.5926684708448 972.2083186061029
803.2146125897207 21.731486512481467
102.43777215093897 469.4648478085385
421.744500348884 111.89491793890538
596.4312011586733 669.8449323285407
182.2872341840549 640.5123253654328
48.47179383352618 849.763623103541
531.3598621040732 791.9987587958872
814.6869651160218 346.0465961760651
567.5830674459876 984.6322780477402
460.31998544788854 297.2342912208795
260.4642338914108 846.963899830806
99.8586167912745 393.1176017116976
671.3839077630826 795.623144988178
161.47596721914857 123.23777092791444
670.5874741945331 878.5369863313019
921.3854107349576 928.1118473970495
227.8555403133946 229.74728924331788
86.55470470967563 622.7385339410922
338.3509510232449 643.0221240132736
852.7008713813319 972.1268789375239
41.01757857410493 761.9539247225151
959.839209907372 95.94780704763284
871.0713223201169 419.94176945155834
70.6978317956074 541.4394875108678
363.23285705296917 611.8527450334869
642.6374228182948 777.6255326611571
58.8899083911939 751.1133887712139
476.7709792597713 869.111015607115
809.6529977130426 13.679866309132539
567.3410322681663 797.0221404524059
160.1052048170961 810.7624741152104
750.9956799233516 138.34451370137924
386.20511850777217 907.4171817712696
813.231366257223 724.5193639158292
362.24300042308386 281.2520260982192
686.9283371083545 330.6984521118596
15.115803467130151 855.6486451678544
144.321895643182 935.6195380204457
331.2244239203921 176.0336017971461
119.26230617112188 867.9128574044735
490.27334090662333 769.7767248416565
617.5646071299354 73.5437489731956
368.2569417262205 767.0993736601102
830.6796632604953 436.5514872912235
967.0470652815272 235.58558047162182
825.0335803784776 85.06770830509348
841.3701103286728 198.31513051000283
512.5278716109708 848.5530849841814
105.58219688647952 44.33226637876852
234.56696140313161 773.7717102259237
795.5939595868568 462.4916149874838
968.3071684724215 79.45780290421133
148.2477274929872 301.599123064633
508.2642940371347 81.91841366576524
625.8545404384784 587.3673332212882
482.3418050996917 616.9284514621638
145.75402429630546 204.4043369370532
321.46805806086934 475.6062226129516
102.69125885121744 632.9890082465339
833.0108118522693 885.0842732967963
314.1964128829806 40.943470631029655
832.2971333979566 385.58492555815246
419.93683234068055 629.8569899324918
960.56406517035 580.9546890522987
701.3675022324783 281.0550359711641
619.2428015142451 435.3518015767868
575.9753460161069 730.317600734981
562.312777924485 852.6174403667893
168.9210449393448 553.3318668276656
636.9928531270323 621.9310433756071
540.62701367396 685.7591013382458
254.5857604869759 841.7614182300781
5.277286195164543 713.7772904479217
850.9907922230763 285.2427166983794
56.48664026647809 113.73730633123425
782.6845387005939 481.88916218191326
674.8107208563544 373.20327268627204
187.47572204998497 504.1325778283207
644.3583394155094 660.3365147851999
379.2898763826026 247.99770806796028
559.341536363871 87.64919275325877
135.14124573800146 797.0627796609358
685.4862209126782 320.1411839123074
141.90162046717535 361.2741211154571
580.1045579780767 969.6425520273225
58.22922796521712 384.4241168581388
209.9592808708478 243.32080599174367
190.25840615423294 356.582255957127
866.967849416918 752.3372072732618
88.27600478004172 662.1492119298504
456.09301515432554 738.8300204662112
117.4282005912387 228.37194166993768
118.64866645060079 394.6917534981873
586.3827167381673 211.99441384099939
151.2661888125062 968.1371149177633
815.968002333746 413.1354959199182
698.0627038764151 963.1773252642001
97.18948775225844 950.7188478557633
498.53442556250195 629.8906409086414
141.15001445334752 505.4235681812522
122.44613693603479 491.9293232581201
793.7445392095414 701.6169011374468
280.4006798692298 285.93592443036755
801.635729633402 871.2865881410289
269.32223732580405 163.45510112853168
474.2131784737123 702.2403061662073
787.4180589597115 959.6590526304201
612.2772548959211 776.1936934307749
